-6.10307416867594E-5
-5.424170005358063E-5
-4.574656888562647E-5
-3.900316827005193E-5
-3.3807866198419845E-5
-2.9741251719163575E-5
-2.648463588921744E-5
-2.3817914098790787E-5
-2.1589648743389635E-5
-1.9693863080339845E-5
-1.8054768680042564E-5
-1.6616978418395956E-5
-1.5339188070448148E-5
-1.4190023964127608E-5
-1.31452572334376E-5
-1.2185895792279022E-5
-1.1296851435802777E-5
-1.0465991429581714E-5
-9.68345212802327E-6
-8.941134419897472E-6
-8.232327484585465E-6
-7.551424513921331E-6
-6.893705304935119E-6
-6.255168128667598E-6
-5.632398358996506E-6
-5.022464840692876E-6
-4.422837412587567E-6
-3.831320723996621E-6
-3.2460007173099042E-6
-2.6652010404913163E-6
-2.0874473089213247E-6
-1.511437617228925E-6
-9.36018064730725E-7
-3.6016232791337393E-7
2.1704547837928302E-7
7.964252518459298E-7
1.3787131450603034E-6
1.964571982015101E-6
2.554600159442242E-6
3.149339282841466E-6
3.7492807429219175E-6
4.354871399006074E-6
4.966518508863283E-6
5.584594017501971E-6
6.209438301204364E-6
6.841363445146636E-6
7.480656121702049E-6
8.127580123827894E-6
8.782378601787106E-6
9.445276043032733E-6
1.0116480027896479E-5
1.0796182791283837E-5
1.1484562614239748E-5
1.2181785067354222E-5
1.2888004122865314E-5
1.360336315251199E-5
1.432799582390455E-5
1.506202690799605E-5
1.5805573006541276E-5
1.6558743209681385E-5
1.7321639691438108E-5
1.8094358248721402E-5
1.8876988791187682E-5
1.9669615786392564E-5
2.0472318665681638E-5
2.1285172193554453E-5
2.2108246805340084E-5
2.2941608916382407E-5
2.3785321204360253E-5
2.4639442868628904E-5
2.5504029868018467E-5
2.6379135139910865E-5
2.7264808801033538E-5
2.8161098332801462E-5
2.906804875264222E-5
2.9985702771375336E-5
3.091410093916894E-5
3.1853281780301696E-5
3.280328191848736E-5
3.3764136192253456E-5
3.473587776250568E-5
3.5718538212155134E-5
3.671214763911933E-5
3.771673474272232E-5
3.873232690320148E-5
3.9758950257650157E-5
4.0796629768737824E-5
4.184538929069129E-5
4.290525163016103E-5
4.3976238602307305E-5
4.505837108485572E-5
4.615166906793489E-5
4.7256151699954196E-5
4.837183733220376E-5
4.94987435599255E-5
5.0636887260055995E-5
5.1786284628273365E-5
5.2946951213048647E-5
5.411890194685987E-5
5.53021511774351E-5
5.6496712695053705E-5
5.770259976012561E-5
5.891982512841862E-5
6.014840107404192E-5
6.138833941273681E-5
6.263965152309568E-5
6.390234836579652E-5
6.517644050338597E-5
6.646193811821358E-5
6.77588510285881E-5
6.906718870594824E-5
7.038696028899714E-5
7.171817459896096E-5
7.306084015327607E-5
7.44149651777564E-5
7.578055761974425E-5
7.715762515981462E-5
7.854617522207599E-5
7.994621498556391E-5
8.135775139428968E-5
8.278079116597989E-5
8.421534080199832E-5
8.566140659600562E-5
8.711899464138765E-5
8.858811084021205E-5
9.006876090962348E-5
9.156095038981064E-5
9.306468465081827E-5
9.457996889822724E-5
9.610680818018513E-5
9.76452073933309E-5
9.919517128763426E-5
1.0075670447262976E-4
1.0232981142258615E-4
1.0391449648062898E-4
1.0551076386456863E-4
1.0711861767032819E-4
1.0873806187709999E-4
1.1036910035149167E-4
1.120117368506758E-4
1.1366597502702077E-4
1.1533181843173618E-4
1.170092705175466E-4
1.1869833464286922E-4
1.2039901407502834E-4
1.221113119925179E-4
1.23835231488788E-4
1.255707755750864E-4
1.2731794718236534E-4
1.290767491650029E-4
1.308471843022239E-4
1.3262925530134635E-4
1.3442296480010773E-4
1.3622831536807962E-4
1.380453095096458E-4
1.3987394966607174E-4
1.4171423821667385E-4
1.4356617748156298E-4
1.454297697234897E-4
1.473050171487987E-4
1.4919192191024152E-4
1.5109048610752694E-4
1.53000711789737E-4
1.5492260095685832E-4
1.5685615556016144E-4
1.5880137750555E-4
1.6075826865328375E-4
1.6272683081985562E-4
1.6470706577872312E-4
1.6669897526319183E-4
1.687025609659552E-4
1.7071782454024855E-4
1.7274476760260988E-4
1.7478339173230095E-4
1.7683369847234744E-4
1.7889568933219084E-4
1.8096936578700445E-4
1.8305472927863267E-4
1.8515178121814604E-4
1.8726052298506405E-4
1.8938095592820482E-4
1.9151308136815425E-4
1.936569005964058E-4
1.9581241487613024E-4
1.9797962544456857E-4
2.0015853351209732E-4
2.0234914026292763E-4
2.0455144685742948E-4
2.0676545443113132E-4
2.089911640953551E-4
2.1122857693947982E-4
2.1347769402988185E-4
2.1573851641051313E-4
2.1801104510510997E-4
2.2029528111608046E-4
2.2259122542558107E-4
2.248988789954759E-4
2.272182427694813E-4
2.2954931767199085E-4
-5.032247186109005E-4
